012345678901234567890123456789012345678901234567890123456789012345678901234567890123456789012345678
012345678901234567890123456789012345678901234567890123456789012345678901234567890123456789012345678
012345678901234567890123456789012345678901234567890123456789012345678901234567890123456789012345678
012345678901234567890123456789012345678901234567890123456789012345678901234567890123456789012345678
012345678901234567890123456789012345678901234567890123456789012345678901234567890123456789012345678
012345678901234567890123456789012345678901234567890123456789012345678901234567890123456789012345678
012345678901234567890123456789012345678901234567890123456789012345678901234567890123456789012345678
012345678901234567890123456789012345678901234567890123456789012345678901234567890123456789012345678
012345678901234567890123456789012345678901234567890123456789012345678901234567890123456789012345678
012345678901234567890123456789012345678901234567890123456789012345678901234567890123456789012345678
01234567890123456789012
012345678901234567890123456789012345678901234567890123456789012345678901234567890123456789012345678
012345678901234567890123456789012345678901234567890123456789012345678901234567890123456789012345678
012345678901234567890123456789012345678901234567890123456789012345678901234567890123456789012345678
012345678901234567890123456789012345678901234567890123456789012345678901234567890123456789012345678
012345678901234567890123456789012345678901234567890123456789012345678901234567890123456789012345678
012345678901234567890123456789012345678901234567890123456789012345678901234567890123456789012345678
012345678901234567890123456789012345678901234567890123456789012345678901234567890123456789012345678
012345678901234567890123456789012345678901234567890123456789012345678901234567890123456789012345678
012345678901234567890123456789012345678901234567890123456789012345678901234567890123456789012345678
012345678901234567890123456789012345678901234567890123456789012345678901234567890123456789012345678
01234567890123456789012=:Buffer1012345678901234567890123456789012345678901234567890123456789012345678901234567890123456789012345678
012345678901234567890123456789012345678901234567890123456789012345678901234567890123456789012345678
012345678901234567890123456789012345678901234567890123456789012345678901234567890123456789012345678
01234567890123456789012=:Buffer1v012345678901234567890123456789012345678901234567890123456789012345678901234567890123456789012345678
012345678901234567890123456789012345678901234567890123456789012345678901234567890123456789012345678
012345678901234567890123456789012345678901234567890123456789012345678901234567890123456789012345678
01234567890123456789012=:Buffer1
